1
[6268.5359428121255, 7631.31160975383, 7631.31160975383, 7631.31160975383, 7847.7837922945255, 7847.7837922945255, 7631.31160975383, 7847.7837922945255, 7631.31160975383, 7631.31160975383]
2
[7847.7837922945255, 7847.7837922945255, 5917.517092262317, 7419.571479322728, 7631.31160975383, 7631.31160975383, 7631.31160975383, 7420.41105413315, 7631.31160975383, 7631.31160975383]
5
[5838.918656080688, 6184.406155883959, 6998.439143990268, 7203.099296782033, 6607.923219987204, 6992.198741161353, 6800.841302401494, 6996.058878943009, 7414.863963606739, 7414.839427213135]
10
[5175.602137725455, 4043.2884568898176, 6785.193095812491, 4860.775983733847, 3806.1633012821308, 5607.159350355767, 6992.201369190401, 7414.839427213135, 6996.078086216316, 6992.198741161353]
20
[1989.783511569613, 5059.1478942213835, 5004.2480757170415, 4864.021038848341, 3139.318853883439, 6181.746733209679, 5497.510548793655, 7203.938871592455, 6786.713946952199, 6992.181166196334]
50
[2917.4153658945593, 1721.0954515415729, 2689.3432073451218, 2693.104784215221, 3541.0300311846204, 4512.536596500011, 5569.1107768732445, 6582.89465260453, 6992.184104321708, 6574.274190424401]
100
[773.0956283071519, 2195.2691503357887, 1189.4439004744647, 2971.8733274096953, 2564.8845495250257, 1457.2167844401158, 5375.843363617496, 4424.7576112080815, 6367.74714162317, 6372.630311312653]
200
[571.8661410873316, 819.0035687379316, 843.4863293896251, 698.4665655099739, 820.2466347500763, 2263.897666184673, 4985.246460290495, 5169.514411458489, 6367.729222634492, 6166.464602633183]
500
[419.53882426419443, 208.93000727108563, 209.35224240518076, 208.66424721998817, 507.7019205372681, 283.50842851664004, 3288.448663398861, 5362.507371380644, 5362.346203055606, 5960.077225819202]
1000
[208.71223307326008, 208.7545540584371, 208.6294150191506, 151.1399935427225, 307.6479267704353, 431.5015364082112, 3103.5708861091357, 4412.588979951145, 5557.549844441633, 5569.022523231844]
10000
[208.4499375914793, 2.1999277341911907, 0.9100290475187067, 1.5660299944138303, 1.7191081787767328, 1.678689545413186, 1711.9019717611393, 3103.589686478399, 4773.652370963867, 4968.701374481522]
